"OTU","Genus","Phylum","p_value","p_adj_BH","Never.smoked","X1","X2","X3","X4","X5","in_top_panel"
"RSV_genus35","Actinomyces","Actinobacteria",1.90402784493091e-14,9.46413840568598e-14,0.0238085289835847,0.0273244834583333,0.02711645336,0.0425549154769231,0.0316553533333333,0.0319684334300932,TRUE
"RSV_genus38","Mobiluncus","Actinobacteria",0.0103030403320009,0.0195642001809904,3.32464764862467e-05,3.76933125e-05,5.466292e-05,8.38248615384615e-05,3.67749444444444e-05,3.73604234354194e-05,FALSE
"RSV_genus43","Aeriscardovia","Actinobacteria",8.05356337901036e-26,8.00618947678089e-25,6.30217968056788e-06,0,2.189126e-05,2.71978153846154e-05,6.53867777777778e-06,0.000107526123834887,FALSE
"RSV_genus44","Alloscardovia","Actinobacteria",1.55483936787276e-15,8.211495411578e-15,0.000289525511091393,0.000503403104166667,0.00033264912,0.000413517753846154,0.000606643944444445,0.000632008766977363,FALSE
"RSV_genus45","Bifidobacterium","Actinobacteria",7.80354331647395e-52,1.88399831497728e-50,0.000599437607364685,0.000334353333333333,0.00042641784,0.0006914188,0.00103083394444444,0.00158584836484687,FALSE
"RSV_genus46","Gardnerella","Actinobacteria",2.53168775024467e-11,1.01870292807464e-10,6.94228970718722e-05,4.78900416666667e-05,0.00015909166,2.64700769230769e-05,1.76890444444444e-05,0.000139251523302264,FALSE
"RSV_genus47","Metascardovia","Actinobacteria",2.98003554722116e-31,3.14766254675235e-30,9.56110292812777e-06,0,3.034594e-05,7.83646153846154e-05,2.96772e-05,0.000267118797603196,FALSE
"RSV_genus49","Parascardovia","Actinobacteria",1.74749358141078e-22,1.40631626313534e-21,0.000165026812777285,0.0002515120625,0.0001125689,7.06153230769231e-05,0.000276668366666667,0.000509249994673768,FALSE
"RSV_genus51","Scardovia","Actinobacteria",3.99875743471513e-10,1.50175556992635e-09,0.00132796984338953,0.00181528466666667,0.00108514282,0.00168433133846154,0.00144636922222222,0.00250446486418109,TRUE
"RSV_genus52","Corynebacterium","Actinobacteria",0.000107960433837994,0.000268313431156192,0.00502684212067437,0.00544925266666666,0.0054593978,0.00632233438461538,0.00432352787777778,0.00416623929027963,TRUE
"RSV_genus53","Corynebacterium 1","Actinobacteria",0.0100546950062905,0.0193095847279897,0.000160361268411712,1.1227125e-05,6.133654e-05,0.00663629295384615,3.58295666666667e-05,0.000826715161118509,TRUE
"RSV_genus57","Mycobacterium","Actinobacteria",0.135954724584238,0.196379046621677,0.000278928213842058,1.93349583333333e-05,0.00011646362,0.000202760569230769,0,0.00101941852330226,FALSE
"RSV_genus132","Micrococcus","Actinobacteria",0.628692762498869,0.684354649390988,4.74315727595386e-05,0,0,2.36173846153846e-05,1.32347777777778e-06,1.72566950732357e-05,FALSE
"RSV_genus135","Rothia","Actinobacteria",4.7172194889285e-12,1.99302523407229e-11,0.0965125928939663,0.104820728333333,0.12870587618,0.108882394353846,0.107991730633333,0.122552810627164,TRUE
"RSV_genus170","Propionibacterium","Actinobacteria",0.0408662519827268,0.069761581667483,1.85364995563443e-05,9.58058333333333e-06,1.192e-06,8.06361538461538e-06,8.42721111111111e-06,2.51442356857523e-05,FALSE
"RSV_genus172","Tessaracoccus","Actinobacteria",1.39162278483224e-05,3.67475391619762e-05,6.90987000887311e-06,5.60539583333333e-06,1.149778e-05,3.34923076923077e-06,1.60555555555556e-06,1.55526631158455e-06,FALSE
"RSV_genus193","Atopobium","Actinobacteria",4.38412435732109e-33,4.9394467759151e-32,0.00523931350754216,0.00535041108333333,0.00702057456,0.00627811035384615,0.00907547124444445,0.00878913635818909,TRUE
"RSV_genus196","Cryptobacterium","Actinobacteria",6.18993378840067e-37,9.50998918399739e-36,7.6911605590062e-05,4.82021041666667e-05,9.196988e-05,0.000155711907692308,0.0001303314,0.000194251319573902,FALSE
"RSV_genus201","Olsenella","Actinobacteria",1.18102137159922e-10,4.64168864651786e-10,9.6674182786158e-05,4.73885416666667e-05,8.65186e-05,0.000176299492307692,0.0001498331,0.000221313703062583,FALSE
"RSV_genus203","Senegalimassilia","Actinobacteria",5.16776800852183e-06,1.40863353780676e-05,6.52178793256433e-07,3.65627083333333e-06,0,1.06769230769231e-06,5.96666666666667e-07,6.72783355525966e-06,FALSE
"RSV_genus204","Slackia","Actinobacteria",6.16740840295743e-05,0.000157943566631582,8.44511180124224e-06,4.46666666666667e-06,7.238e-06,9.82930769230769e-06,1.17617222222222e-05,1.47879560585886e-05,FALSE
"RSV_genus231","Bacteroides","Bacteroidetes",0.0662869900376706,0.103726864040429,0.0011503691823425,0.000279441666666667,0.00026487674,0.000419200723076923,0.0001735416,0.00236668447270306,FALSE
"RSV_genus233","Phocaeicola","Bacteroidetes",4.89751428851949e-08,1.65535982951959e-07,0.000100680552351375,2.33491458333333e-05,0.00013876862,0.000121848076923077,0.000134319611111111,0.000180610564580559,FALSE
"RSV_genus244","Coprobacter","Bacteroidetes",0.24302610147328,0.311147054158973,0.000127996094498669,6.60416666666667e-06,0.00013976602,0.0001085194,7.68910777777778e-05,7.93027976031958e-05,FALSE
"RSV_genus249","Odoribacter","Bacteroidetes",0.274268296595982,0.338330964414021,2.91269543034605e-05,4.12196041666667e-05,5.16217e-05,4.14987076923077e-05,2.31024444444444e-05,2.32157097203728e-05,FALSE
"RSV_genus251","Parabacteroides","Bacteroidetes",0.0104199393131548,0.0195663304880351,6.609792945874e-05,3.54713958333333e-05,9.745192e-05,0.000288600030769231,3.22987777777778e-06,4.4434862849534e-05,FALSE
"RSV_genus253","Porphyromonas","Bacteroidetes",0.00347740251518535,0.0071668417691015,0.0189707759920142,0.01683163425,0.01951784642,0.0210780034307692,0.0184683202888889,0.0168793164420772,TRUE
"RSV_genus255","Tannerella","Bacteroidetes",0.51244278499467,0.577352204427328,0.00106296678216504,0.000720145958333333,0.0016954276,0.00123644149230769,0.00115330502222222,0.00133099369374168,FALSE
"RSV_genus256","Alloprevotella","Bacteroidetes",0.000139073695490314,0.000340629775911059,0.0234333566242236,0.0246395537083333,0.02362250574,0.0276606598615385,0.0273812395666667,0.0199604984860186,TRUE
"RSV_genus259","Prevotella","Bacteroidetes",2.61637377487617e-07,8.34277675385044e-07,0.0275064590474711,0.0233072271458333,0.02128586886,0.0246423179384615,0.0246335388888889,0.0228736790093209,TRUE
"RSV_genus261","Prevotella 2","Bacteroidetes",9.80341316653039e-17,5.73276002325434e-16,0.00177691707852706,0.00148037658333333,0.00153148144,0.00129434850769231,0.00144642598888889,0.00122281133288948,FALSE
"RSV_genus262","Prevotella 6","Bacteroidetes",0.23545183236687,0.305458966439731,0.00553437288598048,0.005236983375,0.00539543854,0.00545222089230769,0.00607492488888889,0.0057698458921438,FALSE
"RSV_genus263","Prevotella 7","Bacteroidetes",0.170122996888722,0.233746231497512,0.0783290429214729,0.0831180156458333,0.07629693084,0.0779374498615385,0.0890399903222222,0.0821941740932091,FALSE
"RSV_genus264","Prevotella 9","Bacteroidetes",0.377952745247535,0.446671426201632,0.000125843394853594,2.12058541666667e-05,0.00297056988,0.00444778555384615,1.40133777777778e-05,3.75747296937417e-05,FALSE
"RSV_genus271","Alistipes","Bacteroidetes",0.708221960794655,0.762353575632463,0.000161654129103815,3.00136875e-05,0.00015491578,3.51595538461538e-05,4.48791111111111e-06,2.83154407456724e-05,FALSE
"RSV_genus274","Rikenellaceae RC9 gut group","Bacteroidetes",7.67947082846121e-08,2.54476582354891e-07,2.40612542147294e-05,1.2227125e-05,3.721868e-05,5.08742615384615e-05,2.23865777777778e-05,4.44662769640479e-05,FALSE
"RSV_genus318","Bergeyella","Bacteroidetes",2.78950839398774e-66,1.17856729645982e-64,0.00576190385004436,0.00704950704166667,0.00498195744,0.003164759,0.00316376171111111,0.0015896297403462,TRUE
"RSV_genus319","Capnocytophaga","Bacteroidetes",1.33194556589047e-36,1.87582333862908e-35,0.00339272183096717,0.00297096958333333,0.00272490166,0.00300434290769231,0.00234783675555556,0.00185569785219707,TRUE
"RSV_genus320","Chryseobacterium","Bacteroidetes",0.20135024754199,0.267938518382648,1.13293101153505e-05,2.23866666666667e-06,1.473156e-05,0.000241278892307692,1.21111111111111e-06,3.73682023968043e-06,FALSE
"RSV_genus322","Cloacibacterium","Bacteroidetes",0.248783711693853,0.313764531912397,0.000969396330523513,0.000812756729166667,0.00046838498,0.000227800984615385,0.000537015488888889,0.00113214244207723,FALSE
"RSV_genus326","Flavobacterium","Bacteroidetes",0.197215044524318,0.266601546844109,1.86713930789707e-06,7.86764583333333e-06,2.008e-06,2.73916769230769e-05,4.63333333333333e-07,1.43675792276964e-05,FALSE
"RSV_genus475","Gemella","Firmicutes",1.03870724174361e-49,1.950461376163e-48,0.052840731390417,0.049017608875,0.04216306646,0.0374235285076923,0.0351383484333333,0.0305856027549934,TRUE
"RSV_genus494","Staphylococcus","Firmicutes",0.0489018836263373,0.0810237091455982,0.000239518891304348,7.04892083333333e-05,0.00011524074,0.000363549307692308,0.0008057078,0.000521678231691079,FALSE
"RSV_genus499","Abiotrophia","Firmicutes",5.39565508339385e-25,5.06592060607533e-24,0.00182982748580302,0.00187513683333333,0.00140703828,0.00149501509230769,0.00122007963333333,0.000945279238348868,FALSE
"RSV_genus510","Dolosigranulum","Firmicutes",0.0449596632509934,0.0752295355387909,3.14629103815439e-06,2.14103958333333e-05,1.82014e-05,6.0116e-06,0,1.59868841544607e-06,FALSE
"RSV_genus511","Granulicatella","Firmicutes",0.798263613736879,0.832756485935386,0.0230559412573203,0.0242508565416667,0.0235304266,0.0246249451538461,0.0244076605222222,0.0237376762450067,FALSE
"RSV_genus519","Lactobacillus","Firmicutes",5.68000434062451e-72,3.19973577855181e-70,0.00239028304037267,0.00131940970833333,0.0036641708,0.00623631498461538,0.00881092115555555,0.0161953868628495,TRUE
"RSV_genus523","Leuconostoc","Firmicutes",0.357501612016623,0.428857065589463,3.11511384205856e-05,0,7.59468e-06,1.24499076923077e-05,0,1.40023408788282e-05,FALSE
"RSV_genus525","Weissella","Firmicutes",0.591184608621969,0.653142807566493,0.000150916249334516,0,0,0,9e-07,9.44741944074567e-06,FALSE
"RSV_genus528","Lactococcus","Firmicutes",0.0150189917108776,0.0270022297780672,4.90347839396628e-05,3.827875e-06,1.490976e-05,6.48302461538461e-05,4.02787111111111e-05,0.00056872041011984,FALSE
"RSV_genus530","Streptococcus","Firmicutes",0.0116728118371849,0.0212118838761747,0.315025599921916,0.326599536354167,0.3048193366,0.292600653184615,0.324309688055556,0.332064204545939,TRUE
"RSV_genus535","Christensenellaceae R-7 group","Firmicutes",0.0441846856200101,0.074672118697817,1.97862222715173e-05,2.0868625e-05,2.75356e-05,3.82892923076923e-05,1.83526888888889e-05,0.000190759720372836,FALSE
"RSV_genus538","Clostridium sensu stricto 1","Firmicutes",0.000102423015230599,0.000258350590656287,4.42500532386868e-06,1.552525e-05,3.825078e-05,2.24893846153846e-06,0,5.52487483355526e-06,FALSE
"RSV_genus555","Defluviitaleaceae UCG-011","Firmicutes",0.00264675398742954,0.00566204334019737,0.000255848948535936,0.000227537791666667,0.00033150548,0.000489085553846154,0.000271966533333333,0.000311953396804261,FALSE
"RSV_genus560","Pseudoramibacter","Firmicutes",1.56145523556015e-23,1.3888733411035e-22,7.18799205856255e-05,8.28497916666667e-06,6.472802e-05,9.07156461538462e-05,0.000153666477777778,0.000174197046604527,FALSE
"RSV_genus561","Anaerococcus","Firmicutes",6.5287165793529e-06,1.75135413001689e-05,4.41413043478261e-05,1.41942916666667e-05,0.0002385263,1.63198923076923e-05,6.30923333333333e-06,0.000121025612516644,FALSE
"RSV_genus562","Ezakiella","Firmicutes",0.000206792556441645,0.000492224535755466,2.67324667258208e-05,5.72200833333333e-05,2.77656e-06,7.04004923076923e-05,3.08453666666667e-05,6.07654260985353e-05,FALSE
"RSV_genus563","Finegoldia","Firmicutes",0.000315686755615279,0.000730836461629893,6.9908727595386e-05,2.951125e-06,3.297666e-05,4.81866153846154e-06,2.48379222222222e-05,6.24852463382157e-05,FALSE
"RSV_genus566","Murdochiella","Firmicutes",0.0594672507650746,0.0939249100868936,1.91618136645963e-05,2.44368333333333e-05,3.24658e-06,7.50088307692308e-05,0.000199912144444444,1.79797150466045e-05,FALSE
"RSV_genus568","Parvimonas","Firmicutes",0.00016408631138796,0.000396151237493788,0.00465643598225377,0.00347076760416667,0.00455822506,0.00557690406153846,0.00457082288888889,0.00592656557390147,TRUE
"RSV_genus569","Peptoniphilus","Firmicutes",2.57810915884191e-12,1.14658012590601e-11,3.76426685891748e-05,7.77172291666667e-05,0.00010932654,0.000321358338461538,2.86591444444444e-05,9.60687083888149e-05,FALSE
"RSV_genus577","Family XIII AD3011 group","Firmicutes",0.00541363952954762,0.0108917271487327,2.50979787045253e-05,1.03341875e-05,2.067424e-05,2.30391076923077e-05,3.70926333333333e-05,3.88584580559254e-05,FALSE
"RSV_genus578","Family XIII UCG-001","Firmicutes",0.00616669180901972,0.0122608343026392,0.000104987639751553,7.08494791666667e-05,0.00011564238,0.000138978661538462,0.000132317755555556,0.000144845844207723,FALSE
"RSV_genus579","Incertae Sedis","Firmicutes",1.06185998524534e-22,8.97271687532312e-22,0.000430911768411712,0.00021452275,0.00093907784,0.000937473138461539,0.00100087722222222,0.000990225912117178,FALSE
"RSV_genus580","Mogibacterium","Firmicutes",0.135723301349997,0.196379046621677,0.0026763022595386,0.00212537647916667,0.0023506865,0.00237603703076923,0.00302961696666667,0.00264856411984021,FALSE
"RSV_genus582","[Eubacterium] brachy group","Firmicutes",5.71917117680199e-19,3.86615971551815e-18,0.00103382188198758,0.00098182825,0.00130343022,0.00170905555384615,0.0016746363,0.00221068204260986,FALSE
"RSV_genus583","[Eubacterium] nodatum group","Firmicutes",6.59144507966667e-14,3.18272633846762e-13,0.00207412138021296,0.00194858104166667,0.00165011538,0.00210734424615385,0.00186873094444444,0.00148898759387483,FALSE
"RSV_genus589","Blautia","Firmicutes",0.475105407647874,0.538877945587186,6.84236375332742e-05,0,3.6677e-06,0.000285689784615385,1.07536777777778e-05,0.00010399423701731,FALSE
"RSV_genus591","Butyrivibrio 2","Firmicutes",2.06995365034974e-16,1.1284586029326e-15,0.000227729652173913,0.000145610208333333,9.234942e-05,9.72928e-05,0.000162009055555556,0.000135505892143808,FALSE
"RSV_genus592","Catonella","Firmicutes",2.6006441618345e-06,7.33757880204974e-06,0.000820927347826087,0.000786870104166667,0.00069970566,0.000753849938461538,0.000783191633333333,0.000727259793608522,FALSE
"RSV_genus600","Howardella","Firmicutes",1.02289230199118e-35,1.23477713597506e-34,1.73823371783496e-05,2.41064791666667e-05,1.183134e-05,3.86008615384615e-05,2.67760444444444e-05,5.1286258322237e-05,FALSE
"RSV_genus602","Incertae Sedis","Firmicutes",0.293492980462989,0.359422563030762,1.9542652173913e-05,2.78389583333333e-06,2.93e-06,7.43570769230769e-06,0,4.77810146471371e-05,FALSE
"RSV_genus603","Johnsonella","Firmicutes",6.98511960975515e-14,3.2791255945795e-13,0.000311653370008873,0.000251378416666667,0.00039996056,0.000197845723076923,0.000136001533333333,0.000132057396804261,FALSE
"RSV_genus604","Lachnoanaerobaculum","Firmicutes",0.00366626792263654,0.00746505155332018,0.00235475715217391,0.0024355494375,0.00184117066,0.00221101233846154,0.00228089606666667,0.00217201129027963,FALSE
"RSV_genus605","Lachnoclostridium","Firmicutes",0.0346239651502194,0.0603242279421348,7.80649596273292e-05,1.27759791666667e-05,3.126952e-05,2.70580769230769e-05,6.78693333333333e-06,0.000295036584553928,FALSE
"RSV_genus609","Lachnospiraceae AC2044 group","Firmicutes",0.0704404085959743,0.108222082297451,5.92820146406388e-05,0.000211595854166667,3.955074e-05,0.000260081923076923,9.55626555555556e-05,7.35229813581891e-05,FALSE
"RSV_genus625","Moryella","Firmicutes",0.00722038484983268,0.0140716291323135,1.62801033717835e-05,1.19241875e-05,2.715592e-05,3.28970923076923e-05,3.80217777777778e-05,2.25773914780293e-05,FALSE
"RSV_genus627","Oribacterium","Firmicutes",1.85737490223226e-06,5.50695365749565e-06,0.00315840352883762,0.00295953310416667,0.00278368774,0.00253240098461539,0.00330956436666667,0.00269319213182424,FALSE
"RSV_genus630","Shuttleworthia","Firmicutes",2.13817423095494e-06,6.23019732812734e-06,0.000216204900177462,0.000123566958333333,0.0001395455,0.000238832953846154,0.000192720911111111,0.00031898117310253,FALSE
"RSV_genus631","Stomatobaculum","Firmicutes",0.793286263824643,0.832756485935386,0.00262899397471162,0.00238572577083333,0.0021389875,0.00276599243076923,0.00276452843333333,0.00281556002130493,FALSE
"RSV_genus644","Peptococcus","Firmicutes",1.9345118373302e-11,7.97396342704399e-11,0.000805862277284828,0.000518343916666667,0.00062062568,0.000657154769230769,0.000525333744444445,0.00050900742343542,FALSE
"RSV_genus646","Filifactor","Firmicutes",2.70023108026416e-07,8.45072319564153e-07,0.0014498244689441,0.00154350422916667,0.0020877895,0.00235722204615385,0.00182689003333333,0.0022475348828229,FALSE
"RSV_genus649","Peptoclostridium","Firmicutes",0.135621906014291,0.196379046621677,0.000315297643744454,0.000498425583333333,0.00036267924,0.000291903430769231,0.000311888744444444,0.000278622770972037,FALSE
"RSV_genus650","Peptostreptococcus","Firmicutes",1.92896718100414e-22,1.48179751631682e-21,0.00393499345341616,0.0032356028125,0.00302432686,0.00358154047692308,0.00311807252222222,0.00257618476031958,TRUE
"RSV_genus656","Candidatus Soleaferrea","Firmicutes",0.0378070319725566,0.0651978408506333,1.56385093167702e-06,0,3.98e-07,5.94355384615385e-06,1.14561111111111e-06,2.27900758988016e-05,FALSE
"RSV_genus658","Faecalibacterium","Firmicutes",0.271393432040029,0.337246250108565,0.00027003540771961,7.53095416666667e-05,0.00039295104,0.000515898676923077,3.34125333333333e-05,0.00027080589081225,FALSE
"RSV_genus659","Fastidiosipila","Firmicutes",6.37770527816804e-07,1.92470034287571e-06,4.69685314995563e-06,2.5625e-06,3.082192e-05,6.55384615384615e-07,5.40872222222222e-06,1.62799360852197e-05,FALSE
"RSV_genus673","Ruminococcaceae UCG-002","Firmicutes",0.100948920203884,0.150976703667755,4.42916637089618e-05,2.08791666666667e-06,3.257952e-05,0.0004224202,5.9518e-06,0.000140171667110519,FALSE
"RSV_genus674","Ruminococcaceae UCG-003","Firmicutes",0.192357406854495,0.262164530309755,3.4812719609583e-06,4.47314583333333e-06,0,6.73461538461538e-06,5.4e-07,3.28002743009321e-05,FALSE
"RSV_genus683","Ruminococcaceae UCG-014","Firmicutes",4.4509217944763e-12,1.9287327776064e-11,0.0017877286743567,0.0019339530625,0.00181339148,0.00146232396923077,0.00139140026666667,0.0013797930093209,FALSE
"RSV_genus684","Ruminococcus 1","Firmicutes",0.941246359126757,0.946849016026321,6.90831841171251e-05,0,2.51212e-06,7.83076923076923e-07,3.98428888888889e-06,4.58300133155792e-06,FALSE
"RSV_genus685","Ruminococcus 2","Firmicutes",6.16821029448781e-05,0.000157943566631582,6.99189503105591e-05,0,2.122462e-05,3.60564307692308e-05,5.05221111111111e-06,0.00035357186551265,FALSE
"RSV_genus687","Subdoligranulum","Firmicutes",0.225118777587204,0.296862830091056,8.18610408163265e-05,2.34191041666667e-05,1.920246e-05,6.36436923076923e-06,5.7941e-06,7.10044513981358e-05,FALSE
"RSV_genus689","Pelospora","Firmicutes",0.226599438353528,0.296862830091056,4.68322670807453e-06,1.48650208333333e-05,1.058664e-05,7.8268e-06,3.60777777777778e-06,1.12935046604527e-05,FALSE
"RSV_genus698","Bulleidia","Firmicutes",4.62734468262198e-43,7.82021251363115e-42,0.000289893358473825,0.0001902070625,0.00037750648,0.000515399492307692,0.000419950377777778,0.000858301998668443,FALSE
"RSV_genus703","Eggerthia","Firmicutes",0.0518833608159464,0.0843104613259128,0.000124192449423247,5.65798333333333e-05,0.00014935664,0.000226298384615385,0.000332806144444444,0.000189958422103861,FALSE
"RSV_genus708","Erysipelotrichaceae UCG-004","Firmicutes",0.162039261184292,0.226319298678887,1.48125776397516e-06,1.47916666666667e-06,0,3.37667692307692e-06,4.43201111111111e-06,1.62463648468708e-06,FALSE
"RSV_genus709","Erysipelotrichaceae UCG-006","Firmicutes",3.22308551347641e-07,9.90366275959115e-07,6.64415212954747e-05,4.55467083333333e-05,5.36266e-05,0.000150809876923077,8.21545333333334e-05,0.000105183934753662,FALSE
"RSV_genus713","Incertae Sedis","Firmicutes",0.103277777795508,0.153104775854744,6.38737000887312e-06,4.944e-06,6.3317e-06,5.2e-07,1.89343333333333e-06,7.26705446071904e-05,FALSE
"RSV_genus716","Solobacterium","Firmicutes",0.000743276509805424,0.00167484973542822,0.002965478810559,0.00316569716666667,0.00385554806,0.00347523069230769,0.00306813482222222,0.00268505949134487,FALSE
"RSV_genus722","Phascolarctobacterium","Firmicutes",0.0113604647225492,0.020868679762074,9.97405013309672e-06,0,7.96e-07,1.11802769230769e-05,9.55555555555556e-07,9.43457829560586e-05,FALSE
"RSV_genus726","Anaeroglobus","Firmicutes",9.83728051327669e-17,5.73276002325434e-16,0.000839074377994675,0.000504196895833333,0.00093349272,0.00107991003076923,0.000952892977777778,0.00177451790412783,FALSE
"RSV_genus728","Centipeda","Firmicutes",0.00109204508802117,0.00242836341941551,6.4232772404614e-05,6.908075e-05,0.00012041826,0.000113379569230769,7.08175888888889e-05,8.41471597869507e-05,FALSE
"RSV_genus729","Dialister","Firmicutes",2.51119094831444e-07,8.16137058202191e-07,0.00238379387533274,0.00168822629166667,0.00286614074,0.00388516218461539,0.00255098665555556,0.00316084638748336,TRUE
"RSV_genus731","Megasphaera","Firmicutes",1.06348904523548e-16,5.99098828815984e-16,0.00476095922626441,0.00428433102083333,0.00588476624,0.00711064266153846,0.00824836628888889,0.0070528984274301,TRUE
"RSV_genus735","Selenomonas","Firmicutes",0.146620209129067,0.209989960532308,0.000646191231588289,0.000573704458333333,0.00081172624,0.000907379184615385,0.000994178955555555,0.000918366990679094,FALSE
"RSV_genus736","Selenomonas 3","Firmicutes",0.357803823953339,0.428857065589463,0.00155420025377107,0.00133301177083333,0.001665155,0.00134387304615385,0.00136579475555556,0.00135601304527297,FALSE
"RSV_genus737","Selenomonas 4","Firmicutes",1.31000561114865e-09,4.81284670182875e-09,8.03928101153505e-05,4.0295875e-05,0.00010098902,0.000166291215384615,0.000108911333333333,0.000186618780292943,FALSE
"RSV_genus740","Veillonella","Firmicutes",2.18332887314498e-15,1.11812902897425e-14,0.0550764979875777,0.0603375892083333,0.06349620544,0.060911955323077,0.0662900707444444,0.0673962518215712,TRUE
"RSV_genus742","Fusobacterium","Fusobacteria",0.00147473853640411,0.00323676380067916,0.0274940032440107,0.0265230216666667,0.02566982044,0.0267867752923077,0.0233552028555556,0.0250512413501997,TRUE
"RSV_genus746","Leptotrichia","Fusobacteria",3.06842023323364e-08,1.05829187636018e-07,0.0194000354143744,0.0205732712916667,0.01933688756,0.0198791133692308,0.0152952312111111,0.0160483373115845,TRUE
"RSV_genus749","Sneathia","Fusobacteria",2.25423093516251e-17,1.41098158534246e-16,3.56915789707187e-05,0.0001014045625,0.00014584026,6.50497076923077e-05,2.32687666666667e-05,0.000106913973368841,FALSE
"RSV_genus750","Streptobacillus","Fusobacteria",0.000252877307702611,0.000593559236135296,0.000646668710736468,0.00183302429166667,0.00084199414,0.00125753395384615,0.00218131297777778,0.000482700093209055,TRUE
"RSV_genus795","Brevundimonas","Proteobacteria",0.030409664548159,0.0535336802983216,0.000116255096273292,7.56602083333333e-06,8.48626e-06,1.64258e-05,2.06487777777778e-06,0.000105759563249001,FALSE
"RSV_genus819","Bradyrhizobium","Proteobacteria",0.851595089353614,0.877558354272931,6.8108722715173e-05,5.91004166666667e-06,4.095974e-05,1.44645538461538e-05,2.38897777777778e-06,0.00020626151930759,FALSE
"RSV_genus846","Methylobacterium","Proteobacteria",0.385768030381522,0.452741646767203,0.000116246188110027,1.42420833333333e-05,3.09461e-05,1.98553076923077e-05,3.8157e-06,8.05733408788282e-05,FALSE
"RSV_genus895","Paracocccus","Proteobacteria",0.872393684790594,0.888159835720544,0.000327174667701863,1.7747375e-05,9.194e-06,8.96923076923077e-07,7.89415555555556e-06,3.84941411451398e-06,FALSE
"RSV_genus960","Porphyrobacter","Proteobacteria",0.591306802116411,0.653142807566493,1.03867755102041e-05,8.24e-06,7.51034e-06,1.10706461538462e-05,1.64088888888889e-06,2.92924234354194e-06,FALSE
"RSV_genus964","Blastomonas","Proteobacteria",0.24802112085821,0.313764531912397,3.50540590062112e-05,1.21795625e-05,0.00011393816,8.15365692307692e-05,1.88668777777778e-05,2.78372023968043e-05,FALSE
"RSV_genus969","Sphingobium","Proteobacteria",0.595459976367316,0.653459324714782,3.95555057675244e-06,1.28978958333333e-05,3.98e-07,0,1.29168888888889e-06,7.11145978695073e-05,FALSE
"RSV_genus971","Sphingomonas","Proteobacteria",0.068283081581423,0.105870098965693,0.000208168428571429,8.45272916666667e-06,0.00014076668,0.000113338923076923,0,0.000227107263648469,FALSE
"RSV_genus990","Sutterella","Proteobacteria",0.198768017173714,0.266601546844109,2.6792298136646e-06,0,0,0,0,2.46484673768309e-05,FALSE
"RSV_genus991","Burkholderia","Proteobacteria",0.63171198405322,0.684354649390988,0.000164494775510204,8.15120833333333e-06,1.672e-06,0.00405719804615385,1.65451777777778e-05,0.00014890664713715,FALSE
"RSV_genus993","Lautropia","Proteobacteria",2.84127487572996e-72,2.40087726999182e-70,0.00154447248181012,0.00120176995833333,0.00133155764,0.0007968174,0.000638476488888889,0.000436520777629827,FALSE
"RSV_genus998","Ralstonia","Proteobacteria",0.304801228121288,0.370585665845307,0.000168183370896185,0.0001394785,0.00013921582,6.55671384615385e-05,0.000102186022222222,0.00112146040346205,FALSE
"RSV_genus1007","Curvibacter","Proteobacteria",0.23677588522843,0.305458966439731,5.80794716060337e-05,5.06765625e-05,8.234722e-05,5.37943384615385e-05,5.01263444444444e-05,5.82295672436751e-05,FALSE
"RSV_genus1017","Ottowia","Proteobacteria",0.151652226671329,0.214846387528633,0.000478809611357587,0.000418054041666667,0.0003077786,8.67188923076923e-05,0.000543812255555555,0.000846893862849533,FALSE
"RSV_genus1018","Pelomonas","Proteobacteria",0.816934413717655,0.847005619130575,0.000201785192102928,3.14375e-06,2.170164e-05,8.87096923076923e-06,1.47755777777778e-05,0.000605226431424767,FALSE
"RSV_genus1032","Xenophilus","Proteobacteria",0.746588308825337,0.798565975895455,5.05885936113576e-06,4.6744375e-06,9.22e-07,2.19543076923077e-06,1.27528222222222e-05,2.11496671105193e-06,FALSE
"RSV_genus1040","Massilia","Proteobacteria",0.464411440259153,0.530307658133763,4.91660780834073e-06,0,1.737758e-05,9.28756461538462e-05,8.77777777777778e-07,1.82109294274301e-05,FALSE
"RSV_genus1054","Alysiella","Proteobacteria",2.02147723983423e-10,7.7643103075451e-10,9.96308087843834e-05,0.0001405813125,6.706738e-05,0.0001527,3.19233888888889e-05,3.2905500665779e-05,FALSE
"RSV_genus1058","Conchiformibius","Proteobacteria",0.0880629375403427,0.132880682538553,9.82017169476486e-06,0,0,1.30848615384615e-05,2.90337777777778e-06,2.60539946737683e-06,FALSE
"RSV_genus1060","Eikenella","Proteobacteria",0.0547065670346141,0.0872208474419791,0.000351371988021296,0.0001485625,0.0001610905,0.000147763107692308,0.0002007886,0.000178610335552596,FALSE
"RSV_genus1061","Kingella","Proteobacteria",0.00169346043492881,0.00366916427567909,0.000618077358473825,0.0007655101875,0.0006280553,0.000658782492307692,0.000670719244444444,0.000453123276964048,FALSE
"RSV_genus1063","Neisseria","Proteobacteria",5.30546189113455e-122,8.96623059601739e-120,0.0312704445838509,0.0287828725208333,0.0245738108,0.0137658200615385,0.0154652873333333,0.00906962417976032,TRUE
"RSV_genus1064","Simonsiella","Proteobacteria",4.91081866913661e-06,1.36053828702309e-05,7.8297190771961e-05,8.47408333333333e-06,5.449462e-05,3.41462923076923e-05,1.21693111111111e-05,1.96513435419441e-05,FALSE
"RSV_genus1076","Dechloromonas","Proteobacteria",0.152553647949325,0.214846387528633,0.000151758218722271,5.58733541666667e-05,4.35486e-05,5.91552307692308e-06,6.65123555555556e-05,0.000175600934753662,FALSE
"RSV_genus1079","Propionivibrio","Proteobacteria",0.00304541513547328,0.00643343947368729,2.5290536823425e-06,0,1.556038e-05,1.10769230769231e-06,4.10122222222222e-06,5.41143808255659e-07,FALSE
"RSV_genus1082","Zoogloea","Proteobacteria",0.165804513730709,0.22968002311877,1.75110013309672e-05,6.76883333333333e-06,1.78649e-05,4.222e-06,9.47777777777778e-07,4.1842516644474e-06,FALSE
"RSV_genus1090","Desulfobulbus","Proteobacteria",1.66593114878602e-08,5.86546591968412e-08,9.45990723158829e-05,3.58942916666667e-05,0.00011204,0.000305676769230769,0.000139605877777778,0.000218513644474035,FALSE
"RSV_genus1095","Desulfomicrobium","Proteobacteria",0.579454953566739,0.648529053991913,4.18806601597161e-05,2.04887916666667e-05,6.268626e-05,9.51101538461539e-05,6.54272222222222e-06,3.97340492676431e-05,FALSE
"RSV_genus1096","Bilophila","Proteobacteria",0.00724397476042173,0.0140716291323135,1.57731983141083e-05,7.77083333333333e-07,0,5.78498461538462e-06,7.01444555555556e-05,1.86015099866844e-05,FALSE
"RSV_genus1097","Desulfovibrio","Proteobacteria",0.0105921951205449,0.0196712195095835,2.82045022182786e-05,2.68231458333333e-05,1.31675e-05,1.77460461538462e-05,1.50058555555556e-05,2.81248708388815e-05,FALSE
"RSV_genus1133","Campylobacter","Proteobacteria",0.901303350632719,0.912097402736105,0.00507663204880214,0.004269832875,0.00522591858,0.00499464818461539,0.00492242094444445,0.00568581489480692,FALSE
"RSV_genus1137","Rs-M59 termite group","Proteobacteria",5.364848026479e-09,1.92906237547862e-08,6.71947204968944e-06,4.9594375e-06,3.93054e-06,3.11305230769231e-05,1.60776666666667e-06,4.36543848202397e-05,FALSE
"RSV_genus1139","Wolinella","Proteobacteria",0.389988270964824,0.454538053745208,1.94907076308784e-05,8.71675e-06,3.778376e-05,2.95776615384615e-05,8.42107777777778e-06,2.02983675099867e-05,FALSE
"RSV_genus1161","Cardiobacterium","Proteobacteria",1.63049191474064e-62,4.59255222651947e-61,0.000591043385093168,0.000437066166666667,0.00038910122,0.000321398046153846,0.000296788266666667,0.000208205296937417,FALSE
"RSV_genus1181","Escherichia/Shigella","Proteobacteria",0.795163136587714,0.832756485935386,0.00108434409804792,0.000187265666666667,0.00283303808,0.00115775973846154,0.0001208496,0.000811314075898802,FALSE
"RSV_genus1188","Pantoea","Proteobacteria",0.798101635356447,0.832756485935386,2.23670887311446e-05,2.49923958333333e-05,9.26582e-06,0.000363640138461538,1.80707777777778e-05,9.10915046604527e-06,FALSE
"RSV_genus1198","Yersinia","Proteobacteria",0.0517544495105142,0.0843104613259128,0.00015420143877551,3.56897916666667e-05,0.00024410032,0.000247170769230769,4.21957e-05,0.000107556524633822,FALSE
"RSV_genus1228","Actinobacillus","Proteobacteria",4.14464268874538e-51,8.75555767997462e-50,0.00560345318145518,0.00804591041666667,0.00502783476,0.00449529212307692,0.00611906078888889,0.00201330673901465,TRUE
"RSV_genus1229","Aggregatibacter","Proteobacteria",4.32121849052333e-22,3.17515619521062e-21,0.00607785015971606,0.00622360125,0.00493485094,0.00451210609230769,0.00409055416666667,0.00312796189480693,TRUE
"RSV_genus1233","Haemophilus","Proteobacteria",1.09984594054988e-63,3.7174792790586e-62,0.0601957088385093,0.0632498498541667,0.04845029992,0.0462386700769231,0.0490141771111111,0.0322100484540612,TRUE
"RSV_genus1234","Mannheimia","Proteobacteria",2.62344516957279e-36,3.41047872044462e-35,0.0016186605931677,0.0015642745,0.00079193042,0.000717679415384615,0.000691416322222222,0.000165496276964048,TRUE
"RSV_genus1238","Acinetobacter","Proteobacteria",0.260454443370461,0.326050377256355,0.000716016859804792,0.000182779854166667,0.00047970004,0.000234070369230769,0.000127603866666667,0.00132505888415446,FALSE
"RSV_genus1241","Moraxella","Proteobacteria",2.6050575628579e-06,7.33757880204974e-06,0.000405378214285714,0.000213385375,0.00148540146,0.000211534907692308,0.000110485311111111,0.000163706199733688,TRUE
"RSV_genus1246","Azomonas","Proteobacteria",0.01869177891544,0.03325169091273,2.9928565661047e-05,3.36193125e-05,0.0066552413,5.81153846153846e-06,1.96276666666667e-06,9.1247430093209e-06,TRUE
"RSV_genus1248","Pseudomonas","Proteobacteria",0.397318566783602,0.459909847852252,0.000651301947204968,0.000625320958333333,0.00169336182,0.00255710458461538,0.000125216677777778,0.000373715868175765,FALSE
"RSV_genus1257","Aliivibrio","Proteobacteria",0.859267611024519,0.88009834098875,3.22903859804791e-05,5.1270625e-06,0,4.08898153846154e-05,7.76794444444444e-06,0.000127467541944075,FALSE
"RSV_genus1282","Stenotrophomonas","Proteobacteria",0.36805460551759,0.438036819242766,0.00056287643877551,4.54135416666667e-05,0.0012150239,0.000767546615384615,1.12391333333333e-05,0.000133774918774967,FALSE
"RSV_genus1285","Xanthomonas","Proteobacteria",0.0523846373535377,0.0843143210737893,1.16296792369122e-05,8.39770833333333e-06,0.00025990904,1.83459538461538e-05,2.92222222222222e-07,4.7019121171771e-06,FALSE
"RSV_genus1299","Candidatus Saccharimonas","Saccharibacteria",0.0841724299744114,0.128154420411491,3.4080945430346e-05,5.13999375e-05,4.602522e-05,3.09723538461538e-05,3.43911222222222e-05,2.93514074567244e-05,FALSE
"RSV_genus1307","Treponema 2","Spirochaetae",2.91105758538591e-13,1.32964522143303e-12,0.00431603363975154,0.00396876389583333,0.00638422874,0.00700846815384616,0.00510165558888889,0.00708863323035952,TRUE
"RSV_genus1309","Fretibacterium","Synergistetes",8.44000685056769e-19,5.486004452869e-18,0.00050782035581189,0.000311073583333333,0.00068126736,0.00111449835384615,0.0007492804,0.00106681645272969,FALSE
"RSV_genus1311","Pyramidobacter","Synergistetes",0.0006312961493707,0.00144174390869795,1.35906694764863e-05,2.625e-06,8.22418e-06,9.01658461538462e-06,2.57925666666667e-05,2.93743435419441e-05,FALSE
"RSV_genus1314","Acholeplasma","Tenericutes",0.00330903289455231,0.00690403159480668,0.000220649907275954,0.000249452166666667,0.00031199316,0.0009189234,0.000134977633333333,0.000520693790945406,FALSE
"RSV_genus1322","Mycoplasma","Tenericutes",4.82448580536063e-21,3.39724208794144e-20,0.000673805106477372,0.000493280875,0.00074408944,0.00119785038461538,0.000783694255555556,0.00124425599067909,FALSE
"RSV_genus1333","Opitutus","Verrucomicrobia",0.957022749549147,0.957022749549147,8.54239973380657e-06,1.29583333333333e-06,3.44e-07,6.02329846153846e-05,6.27777777777778e-07,3.30920372836218e-06,FALSE
"RSV_genus1344","Akkermansia","Verrucomicrobia",0.412377923692117,0.474094347646039,0.000167041949866903,8.8854375e-06,2.950138e-05,7.05181538461538e-05,3.11724444444444e-06,0.000251313203728362,FALSE
